1880          -0.1703         290.7000           0.6488           0.0008
1881          -0.1391         291.2000           0.2013           0.0006
1882          -0.2306         291.7000          -0.0382           0.0143
1883          -0.2582         292.1000           0.1968           0.1116
1884          -0.3943         292.6000           0.3973           0.1037
1885          -0.3269         293.0000           0.2388           0.0395
1886          -0.3516         293.3000          -0.7248           0.0433
1887          -0.3433         293.6000           0.5151           0.0240
1888          -0.0754         293.8000           1.2611           0.0300
1889          -0.3457         294.0000          -0.7001           0.0322
1890          -0.3340         294.2000          -0.0583           0.0366
1891          -0.2596         294.3000           0.0032           0.0237
1892          -0.3714         294.5000          -0.9895           0.0155
1893          -0.3268         294.6000          -0.5569           0.0058
1894          -0.3091         294.7000          -0.1108           0.0022
1895          -0.2098         294.8000           0.2331           0.0068
1896          -0.1241         294.9000           0.8013           0.0199
1897          -0.2344         295.0000          -0.1509           0.0166
1898          -0.2953         295.2000          -0.2451           0.0074
1899          -0.1195         295.5000           1.0046           0.0028
1900          -0.0974         295.8000           0.3775           0.0011
1901          -0.2493         296.1000           0.2979           0.0040
1902          -0.3386         296.5000           0.9476           0.0558
1903          -0.4960         296.8000          -0.5086           0.0519
1904          -0.3982         297.2000           0.7539           0.0198
1905          -0.2210         297.6000           0.6101           0.0085
1906          -0.3614         298.1000          -0.4299           0.0079
1907          -0.4409         298.5000          -0.0672           0.0113
1908          -0.5201         298.9000          -0.6809           0.0065
1909          -0.4257         299.3000          -0.9678           0.0034
1910          -0.5290         299.7000          -0.7592           0.0023
1911          -0.3003         300.1000           0.5249           0.0026
1912          -0.4777         300.4000          -0.1031           0.0318
1913          -0.2457         300.8000           0.6017           0.0157
1914          -0.1358         301.1000           0.8839           0.0062
1915          -0.2443         301.4000          -0.4437           0.0031
1916          -0.4624         301.7000          -1.2107           0.0026
1917          -0.3746         302.1000          -0.6619           0.0020
1918          -0.2356         302.4000           0.4778           0.0020
1919          -0.2389         302.7000           0.2344           0.0029
1920          -0.3111         303.0000          -0.4115           0.0121
1921          -0.2505         303.4000           0.0781           0.0047
1922          -0.3097         303.8000          -0.4170           0.0018
1923          -0.2163         304.1000           0.2488           0.0020
1924          -0.3222         304.5000          -0.6980           0.0035
1925          -0.0804         305.0000           0.7214           0.0022
1926          -0.2215         305.4000          -0.3347           0.0024
1927          -0.1923         305.8000           0.0802           0.0022
1928          -0.3207         306.3000          -0.1805           0.0085
1929          -0.2561         306.8000           0.2355           0.0084
1930          -0.1106         307.2000           0.7720           0.0053
1931          -0.0987         307.7000          -0.0671           0.0054
1932          -0.2559         308.2000          -0.1845           0.0091
1933          -0.2528         308.6000          -0.8579           0.0043
1934          -0.1567         309.0000          -0.2917           0.0045
1935          -0.2261         309.4000          -0.0362           0.0034
1936          -0.0793         309.8000          -0.1938           0.0031
1937          -0.0054         310.0000          -0.3852           0.0036
1938          -0.1004         310.2000          -0.6485           0.0051
1939           0.0387         310.3000           0.5787           0.0035
1940           0.0998         310.4000           0.9935           0.0025
1941           0.1195         310.4000           0.6244           0.0024
1942           0.0459         310.3000          -0.7413           0.0052
1943           0.2295         310.2000           0.0734           0.0031
1944           0.1361         310.1000          -0.1492           0.0024
1945           0.0568         310.1000           0.4185           0.0017
1946          -0.0740         310.1000           0.0262           0.0016
1947          -0.0756         310.2000          -0.1803           0.0027
1948          -0.1155         310.3000          -0.2630           0.0019
1949          -0.1509         310.5000          -0.7799           0.0037
1950          -0.2022         310.7000          -0.2617           0.0021
1951           0.0297         311.1000           0.4978           0.0032
1952           0.0487         311.5000           0.1751           0.0030
1953          -0.0753         311.9000           0.1716           0.0043
1954          -0.1403         312.4000          -0.6315           0.0023
1955          -0.1922         313.0000          -0.7224           0.0016
1956          -0.1124         313.6000          -0.0832           0.0008
1957           0.0834         314.2000           0.9189           0.0004
1958           0.0297         314.9000           0.2697           0.0002
1959          -0.0818         315.9700          -0.1503           0.0009
1960           0.0471         316.9100          -0.0487           0.0091
1961           0.0067         317.6400          -0.3315           0.0117
1962          -0.0303         318.4500          -0.2056           0.0182
1963          -0.0396         318.9900           0.2410           0.0704
1964          -0.1978         319.6200          -0.4237           0.0618
1965          -0.0966         320.0400           0.7169           0.0314
1966          -0.0612         321.3800          -0.1579           0.0153
1967          -0.0514         322.1600          -0.4437           0.0158
1968          -0.0399         323.0400           0.5431           0.0396
1969           0.0565         324.6200           0.3843           0.0251
1970          -0.0943         325.6800          -0.8710           0.0102
1971          -0.0835         326.3200          -0.3034           0.0044
1972           0.1467         327.4500           0.7625           0.0055
1973          -0.0464         329.6800          -1.0235           0.0101
1974           0.0013         330.1800          -0.5254           0.0233
1975          -0.1483         331.0800          -0.8726           0.0224
1976           0.0456         332.0500           0.3752           0.0083
1977           0.0880         333.7800           0.1147           0.0038
1978           0.0424         335.4100          -0.0535           0.0113
1979           0.2506         336.7800           0.3600           0.0057
1980           0.2941         338.6800          -0.0755           0.0049
1981           0.1634         340.1000           0.1334           0.0141
1982           0.2422         341.4400           1.2820           0.0863
1983           0.2036         343.0300          -0.1981           0.0486
1984           0.0958         344.5800          -0.5548           0.0187
1985           0.1663         346.0400          -0.2949           0.0127
1986           0.1928         347.3900           0.6579           0.0118
1987           0.3871         349.1600           0.5069           0.0088
1988           0.2715         351.5600          -0.9682           0.0067
1989           0.3917         353.0700          -0.0673           0.0060
1990           0.4042         354.3500           0.3227           0.0071
1991           0.3554         355.5700           0.8179           0.1204
1992           0.1791         356.3800           0.2816           0.0807
1993           0.1993         357.0700           0.1923           0.0308
1994           0.3929         358.8200           0.4353           0.0136
1995           0.3571         360.8000          -0.4458           0.0077
1996           0.3790         362.5900          -0.0464           0.0059
1997           0.5939         363.7100           1.4348           0.0041
1998           0.4644         366.6500          -0.7727           0.0022
1999           0.4190         368.3300          -0.9106           0.0021
2000           0.4244         369.5200          -0.4006           0.0021
2001           0.6143         371.1300           0.0547           0.0021
2002           0.5586         373.2200           0.4694           0.0024
2003           0.5942         375.7700           0.2543           0.0026
2004           0.5779         377.4900           0.4134           0.0029
2005           0.6287         379.8000          -0.2345           0.0034
2006           0.6815         381.9000           0.3174           0.0045
2007           0.5114         383.7600          -0.8407           0.0037
2008           0.5751         385.5900          -0.2685           0.0040
2009           0.7227         387.3700           0.5293           0.0045
2010           0.5891         389.8500          -0.8679           0.0037
2011           0.5908         391.6300          -0.5340           0.0050
2012           0.6226         393.8200          -0.1975           0.0050
2013           0.6940         396.4800          -0.2365           0.0050
2014           0.7672         398.6100           0.4175           0.0050
2015           0.9806         400.8300           1.1385           0.0050